[[[[0,9],2],3],4]
[7,[6,[5,[7,0]]]]
[[6,[5,[7,0]]],3]
[[3,[2,[8,0]]],[9,[5,[7,0]]]]
[[[[0,7],4],[[7,8],[6,0]]],[8,1]]
[[[[4,0],[5,4]],[[7,7],[6,0]]],[[8,[7,7]],[[7,9],[5,0]]]]
[[[[6,7],[6,7]],[[7,7],[0,7]]],[[[8,7],[7,7]],[[8,8],[8,0]]]]
[[[[7,0],[7,7]],[[7,7],[7,8]]],[[[7,7],[8,8]],[[7,7],[8,7]]]]
[[[[7,7],[7,8]],[[9,5],[8,7]]],[[[6,8],[0,8]],[[9,9],[9,0]]]]
[[[[6,6],[6,6]],[[6,0],[6,7]]],[[[7,7],[8,9]],[8,[8,1]]]]
[[[[6,6],[7,7]],[[0,7],[7,7]]],[[[5,5],[5,6]],9]]
[[[[7,8],[6,7]],[[6,8],[0,8]]],[[[7,7],[5,0]],[[5,5],[5,6]]]]
[[[[7,7],[7,7]],[[8,7],[8,7]]],[[[7,0],[7,7]],9]]
[[[[8,7],[7,7]],[[8,6],[7,7]]],[[[0,7],[6,6]],[8,7]]]
